157 228
164 228
171 228
178 228
185 228
192 228
199 228
206 228
213 228
220 228
227 228
227 221
227 214
227 207
227 200
227 193
227 186
227 179
227 172
227 165
227 158
227 151
227 144
227 137
227 130
227 123
227 116
227 109
227 102
234 102
241 102
248 102
255 102
262 102
269 102
276 102
283 102
290 102
297 102
304 102
311 102
318 102
325 102
332 102
339 102
346 102
353 102
360 102
367 102
374 102
381 102
388 102
388 109
388 116
388 123
388 130
388 137
388 144
388 151
388 158
388 165
388 172
388 179
388 186
388 193
388 200
388 207
388 214
227 235
227 242
227 249
227 256
227 263
227 270
227 277
227 284
227 291
227 298
227 305
227 312
227 319
227 326
227 333
227 340
227 347
227 354
227 361
227 368
227 375
157 193
157 186
157 186
157 186
157 186
157 165
157 158
157 158
157 158
157 158
157 109
178 109
199 109
248 109
276 109
304 109
318 74
339 74
367 74
395 74
409 74
416 74
416 74
