278 179
278 179
278 179
278 179
278 179
278 179
278 179
278 179
278 179
278 179
278 179
278 179
278 179
278 179
278 179
278 179
278 179
278 179
278 179
278 179
278 179
278 179
278 179
278 179
278 179
278 179
278 179
278 179
278 179
278 179
278 179
278 179
278 179
278 179
278 179
278 179
278 179
278 179
278 179
278 179
278 179
278 179
278 179
278 179
278 179
278 179
278 179
278 179
278 179
278 179
278 179
278 179
278 179
278 179
278 179
278 179
278 179
278 179
278 179
278 179
278 179
278 179
278 179
278 179
278 179
278 179
278 179
278 179
278 179
278 179
278 179
278 179
278 179
278 179
278 179
278 179
278 179
278 179
278 179
278 179
278 179
278 179
278 179
278 179
278 179
278 179
278 179
278 179
278 179
278 179
278 179
278 179
278 179
278 179
278 179
278 179
278 179
278 179
278 179
278 179
278 179
278 179
278 179
278 179
278 179
278 179
278 179
278 179
278 179
278 179
278 179
278 179
278 179
278 179
278 179
278 179
278 179
278 179
278 179
278 179
278 179
278 179
278 179
278 179
278 179
278 179
278 179
278 179
278 179
278 179
278 179
278 179
278 179
278 179
278 179
278 179
278 179
278 179
278 179
278 179
278 179
278 179
278 179
278 179
278 179
278 179
278 179
278 179
278 179
278 179
278 179
278 179
278 179
278 179
278 179
278 179
278 179
278 179
278 179
278 179
278 179
278 179
278 179
278 179
278 179
278 179
496 105
496 105
496 105
496 105
496 105
496 105
496 105
496 105
496 105
496 105
496 105
496 105
496 105
496 105
496 105
496 105
496 105
496 105
118 147
118 147
118 147
118 147
118 147
118 147
118 147
118 147
118 147
118 147
118 147
124 383
124 383
124 383
124 383
124 383
124 383
124 383
124 383
124 383
124 383
124 383
124 383
124 383
124 383
124 383
581 39
66 417
60 31
584 437
572 195
572 195
572 195
572 195
572 195
572 195
572 195
572 195
572 195
572 195
572 195
572 195
572 195
572 195
572 195
572 195
572 195
572 195
572 195
572 195
572 195
572 195
572 195
572 195
572 195
572 195
434 92
434 92
434 92
434 92
434 92
434 92
434 92
434 92
434 92
434 92
434 92
434 92
434 92
434 92
434 92
434 92
434 92
117 105
117 105
117 105
117 105
117 105
117 105
117 105
117 105
117 105
117 105
117 105
117 105
117 105
117 105
117 105
117 105
117 105
117 105
117 105
117 105
117 105
117 105
117 105
117 105
117 105
117 105
117 105
117 105
117 105
117 105
117 105
117 105
154 182
154 182
154 182
154 182
154 182
154 182
154 182
154 182
391 83
391 83
391 83
391 83
391 83
391 83
391 83
391 83
391 83
391 83
391 83
391 83
391 83
391 83
490 132
490 132
490 132
490 132
490 132
490 132
490 132
490 132
490 132
490 132
490 132
490 132
490 132
490 132
490 132
490 132
193 317
193 317
193 317
193 317
193 317
193 317
193 317
193 317
88 211
88 211
88 211
88 211
88 211
88 211
88 211
88 211
88 211
88 211
88 211
191 134
191 134
191 134
191 134
346 247
346 247
346 247
346 247
346 247
346 247
346 247
346 247
346 247
346 247
346 247
346 247
346 247
346 247
346 247
346 247
346 247
346 247
346 247
346 247
346 247
346 247
346 247
346 247
369 380
369 380
369 380
369 380
369 380
369 380
369 380
369 380
196 235
196 235
196 235
196 235
196 235
196 235
196 235
196 235
196 235
196 235
196 235
196 235
196 235
196 235
196 235
196 235
196 235
196 235
279 156
279 156
279 156
279 156
279 156
279 156
279 156
279 156
279 156
279 156
279 156
276 94
276 94
276 94
276 94
276 94
276 94
276 94
276 94
276 94
276 94
276 94
276 94
276 94
337 74
337 74
337 74
337 74
409 188
409 188
409 188
409 188
409 188
409 188
409 188
409 188
409 188
409 188
409 188
409 188
475 274
475 274
475 274
475 274
357 305
357 305
357 305
357 305
357 305
357 305
357 305
357 305
357 305
357 305
357 305
357 305
357 305
357 305
357 305
357 305
357 305
357 305
357 305
357 305
357 305
199 368
199 368
199 368
199 368
199 368
199 368
199 368
199 368
199 368
199 368
136 339
136 339
136 339
136 339
136 339
136 339
136 339
136 339
136 339
136 339
136 339
136 339
136 339
136 339
136 339
136 339
136 339
136 339
136 339
136 339
136 339
136 339
136 339
136 339
136 339
136 339
136 339
136 339
136 339
136 339
136 339
136 339
136 339
136 339
136 339
136 339
136 339
136 339
136 339
136 339
136 339
136 339
136 339
136 339
136 339
136 339
136 339
136 339
136 339
136 339
136 339
136 339
136 339
136 339
136 339
136 339
136 339
136 339
136 339
136 339
136 339
136 339
136 339
136 339
136 339
136 339
136 339
136 339
136 339
136 339
136 339
136 339
136 339
136 339
136 339
136 339
136 339
136 339
136 339
136 339
136 339
136 339
136 339
136 339
136 339
136 339
136 339
136 339
136 339
136 339
136 339
136 339
136 339
136 339
136 339
136 339
136 339
136 339
136 339
136 339
136 339
136 339
136 339
136 339
136 339
136 339
136 339
136 339
136 339
136 339
136 339
136 339
136 339
136 339
136 339
136 339
136 339
136 339
136 339
136 339
136 339
136 339
136 339
136 339
136 339
136 339
136 339
136 339
136 339
136 339
136 339
136 339
136 339
136 339
136 339
136 339
136 339
136 339
136 339
136 339
136 339
136 339
136 339
136 339
136 339
136 339
136 339
136 339
136 339
136 339
136 339
136 339
136 339
136 339
136 339
136 339
136 339
136 339
136 339
136 339
136 339
136 339
136 339
136 339
136 339
136 339
136 339
136 339
136 339
136 339
136 339
136 339
136 339
136 339
136 339
136 339
136 339
136 339
136 339
136 339
136 339
136 339
136 339
136 339
136 339
136 339
136 339
136 339
136 339
136 339
136 339
136 339
136 339
136 339
136 339
136 339
136 339
136 339
136 339
136 339
136 339
136 339
136 339
136 339
136 339
136 339
136 339
136 339
136 339
136 339
136 339
136 339
136 339
136 339
136 339
136 339
136 339
136 339
136 339
136 339
136 339
136 339
136 339
136 339
136 339
136 339
136 339
136 339
136 339
136 339
136 339
136 339
136 339
136 339
136 339
136 339
136 339
136 339
136 339
136 339
136 339
136 339
136 339
136 339
136 339
136 339
136 339
136 339
136 339
136 339
136 339
136 339
136 339
136 339
136 339
136 339
136 339
136 339
136 339
136 339
136 339
136 339
136 339
136 339
136 339
136 339
136 339
136 339
136 339
136 339
136 339
136 339
136 339
136 339
136 339
136 339
136 339
136 339
136 339
136 339
136 339
136 339
136 339
136 339
136 339
136 339
136 339
136 339
136 339
136 339
136 339
136 339
136 339
136 339
136 339
136 339
136 339
136 339
136 339
136 339
136 339
136 339
136 339
136 339
136 339
136 339
136 339
136 339
136 339
136 339
136 339
136 339
136 339
136 339
136 339
136 339
136 339
136 339
136 339
136 339
136 339
136 339
136 339
136 339
612 0
