127 157 281 127
281 127 373 196
139 275 394 104
114 78 244 159
306 92 445 161
177 29 461 26
477 108 412 264
140 354 140 354
467 357 211 358
57 280 57 280
78 208 68 379
54 420 233 302
233 302 364 313
364 313 506 251
506 251 478 107
478 107 544 106
99 282 151 175
196 175 346 97
434 119 482 262
520 338 566 289
575 154 517 161
26 54 124 148
74 31 168 108
42 127 147 249
319 82 449 237
41 56 122 138
150 236 239 308
250 77 347 126
354 304 505 378
154 342 267 408
354 141 420 198
438 122 515 174
438 16 545 86
44 40 122 111
123 169 237 219
237 97 327 124
199 295 330 349
317 190 399 269
34 44 111 115
153 94 271 137
171 36 293 58
243 235 102 153
202 349 406 298
193 443 232 327
109 302 147 340
280 240 326 426
316 17 338 206
48 69 590 94
440 33 475 276
52 45 94 250
175 118 179 389
133 410 510 436
356 134 551 147
45 30 150 94
232 24 245 336
152 129 354 148
385 115 550 151
70 97 145 135
11 443 125 461
335 260 506 333
65 34 176 139
133 81 366 158
401 59 443 118
542 266 480 195
159 284 382 324
238 149 320 271
432 356 333 228
560 385 470 239
51 283 295 410
278 145 176 67
140 79 282 151
319 74 430 274
44 37 86 125
114 66 73 282
163 138 221 305
