127 157 281 127
281 127 373 196
139 275 394 104
114 78 244 159
306 92 445 161
177 29 461 26
477 108 412 264
140 354 140 354
467 357 211 358
57 280 57 280
78 208 68 379
54 420 233 302
233 302 364 313
364 313 506 251
506 251 478 107
478 107 544 106
99 282 151 175
196 175 346 97
434 119 482 262
520 338 566 289
575 154 517 161
26 54 124 148
74 31 168 108
42 127 147 249
319 82 449 237
41 56 122 138
150 236 239 308
250 77 347 126
354 304 505 378
154 342 267 408
354 141 420 198
438 122 515 174
438 16 545 86
44 40 122 111
123 169 237 219
237 97 327 124
199 295 330 349
317 190 399 269
34 44 111 115
153 94 271 137
171 36 293 58
